1101
1210
1216
1217
1218
1225
1256
1258
1312
1316
1319
1336
1337
1338
1341
1342
1402
1409
1432
1436
1437
1438
1442
1457
1464
1466
1467
1472
1474
1477
1504
1506
1513
1514
1515
1522
1524
1526
1528
1529
1530
1532
1533
1535
1536
1537
1541
1560
1566
1569
1582
1583
1584
1586
1589
1592
1593
1595
1598
1599
1603
1606
1609
1611
1616
1617
1618
1626
1704
1707
1709
1712
1715
1720
1727
1729
1730
1733
1734
1735
1752
1781
1784
1785
1786
1787
1788
1795
1796
1799
1805
1806
1808
1813
1815
1902
1909
2006
2012
2020
2022
2023
2027
2030
2031
2032
2034
2038
2059
2061
2063
2065
2066
2069
2101
2103
2104
2107
2109
2114
2115
2201
2204
2208
2228
2230
2231
2233
2236
2239
2243
2247
2250
2313
2314
2317
2329
2332
2333
2337
2338
2340
2347
2348
2351
2352
2353
2354
2355
2357
2358
2360
2365
2367
2368
2369
2371
2374
2377
2379
2383
2384
2385
2388
2389
2390
2392
2393
2395
2398
2402
2406
2407
2408
2409
2413
2414
2415
2417
2418
2419
2421
2424
2426
2427
2428
2434
2436
2437
2439
2440
2441
2442
2444
2446
2447
2448
2450
2451
2455
2456
2457
2458
2459
2460
2461
2462
2464
2466
2467
2468
2469
2470
2472
2474
2476
2478
2479
2480
2481
2482
2484
2486
2488
2489
2492
2497
2498
2499
2505
2509
2514
2515
2520
2528
2530
2535
2536
2537
2538
2539
2542
2543
2546
2547
2548
2596
2601
2603
2609
2610
2613
2614
2616
2618
2630
2636
2637
2640
2641
2704
2705
2707
2724
2726
2727
2729
2731
2732
2734
2743
2745
2748
2753
2755
2756
2812
2838
2841
2847
2854
2855
2856
2885
2886
2887
2888
2903
2905
2906
2908
2911
2913
2915
2924
2937
3003
3005
3006
3010
3011
3012
3013
3016
3017
3018
3019
3020
3021
3022
3023
3024
3025
3026
3027
3028
3029
3032
3033
3034
3036
3037
3038
3039
3040
3041
3042
3043
3045
3047
3048
3050
3051
3054
3055
3056
3057
3058
3059
3060
3061
3066
3068
3071
3073
3079
3085
3086
3088
3089
3090
3092
3095
3099
3122
3126
3128
3131
3135
3138
3141
3142
3144
3149
3162
3163
3164
3167
3171
3188
3202
3205
3207
3209
3211
3214
3217
3218
3224
3229
3230
3234
3236
3252
3257
3260
3264
3268
3271
3272
3284
3288
3289
3290
3294
3296
3299
3303
3305
3308
3310
3312
3313
3322
3323
3324
3325
3338
3339
3346
3356
3357
3362
3363
3376
3380
3383
3388
3390
3402
3413
3416
3419
3431
3434
3438
3452
3454
3465
3479
3483
3484
3489
3490
3491
3494
3499
3512
3514
3516
3518
3519
3521
3522
3523
3526
3527
3533
3535
3536
3543
3545
3548
3551
3552
3557
3564
3576
3579
3580
3583
3584
3587
3591
3594
3596
3597
3598
3605
3607
3609
3611
3617
3625
3629
3631
3632
3645
3653
3662
3663
3665
3680
3684
3687
3689
3691
3693
3698
3701
3702
3706
3707
3708
3710
3713
3715
3717
4103
4104
4105
4106
4107
4109
4111
4113
4114
4119
4120
4121
4123
4126
4128
4129
4130
4131
4137
4138
4141
4142
4148
4153
4155
4161
4163
4164
4167
4168
4171
4175
4190
4207
4303
4306
4402
4414
4416
4430
4433
4438
4439
4442
4510
4523
4526
4527
4532
4533
4534
4538
4540
4541
4542
4549
4550
4551
4555
4556
4558
4560
4563
4564
4566
4569
4572
4580
4581
4588
4703
4714
4716
4720
4721
4722
4729
4733
4735
4736
4737
4739
4744
4745
4746
4747
4760
4763
4764
4772
4803
4804
4806
4807
4903
4906
4909
4910
4912
4916
4919
4923
4924
4927
4933
4939
4943
4944
4956
4967
4968
4971
4974
4977
4979
4991
4995
5009
5011
5014
5015
5201
5203
5204
5207
5209
5211
5212
5213
5215
5223
5225
5230
5244
5245
5255
5259
5263
5281
5284
5285
5288
5289
5291
5306
5309
5310
5315
5321
5328
5345
5346
5349
5351
5355
5371
5381
5386
5388
5392
5403
5425
5426
5434
5439
5442
5450
5452
5455
5457
5464
5466
5469
5473
5475
5478
5490
5491
5493
5498
5505
5512
5519
5522
5523
5529
5534
5536
5538
5543
5546
5603
5608
5820
5871
5904
5905
6004
6015
6016
6022
6101
6104
6105
6107
6108
6110
6111
6112
6114
6115
6117
6118
6119
6120
6121
6122
6123
6125
6126
6127
6129
6131
6132
6133
6134
6135
6136
6138
6139
6141
6142
6145
6146
6147
6150
6152
6153
6155
6156
6158
6159
6161
6162
6163
6164
6166
6167
6168
6170
6172
6173
6174
6175
6176
6177
6178
6179
6180
6181
6182
6184
6185
6186
6187
6189
6190
6191
6193
6194
6195
6196
6197
6198
6199
6203
6205
6206
6207
6208
6209
6213
6215
6216
6217
6219
6220
6221
6222
6223
6224
6225
6226
6227
6228
6230
6232
6233
6234
6237
6238
6242
6243
6244
6245
6248
6251
6255
6257
6259
6261
6264
6265
6266
6269
6270
6271
6274
6275
6276
6279
6282
6283
6284
6285
6287
6288
6289
6290
6414
6416
6422
6425
6426
6432
6438
6441
6442
6449
6451
6465
6469
6472
6477
6486
6496
6509
6510
6515
6532
6533
6538
6546
6547
6548
6552
6558
6570
6573
6576
6578
6579
6584
6585
6589
6591
6593
6603
6605
6613
6616
6624
6629
6641
6645
6654
6655
6664
6668
6670
6672
6680
6702
6706
6715
6727
6753
6761
6768
6771
6796
6803
6804
6806
6821
6823
6830
6835
6840
6843
6846
6854
6862
6863
6869
6870
6873
6874
6890
6894
6904
6913
6957
6982
7402
7556
7713
8011
8016
8021
8027
8028
8034
8038
8039
8042
8043
8044
8049
8050
8066
8067
8069
8070
8071
8074
8076
8077
8079
8082
8084
8085
8087
8088
8091
8092
8096
8097
8101
8103
8104
8105
8107
8109
8110
8111
8112
8114
8147
8155
8171
8210
8213
8234
8240
8249
8255
8261
8266
8277
8287
8289
8299
8349
8354
8367
8374
8383
8390
8401
8403
8404
8406
8411
8420
8421
8422
8429
8431
8433
8436
8437
8442
8450
8462
8466
8467
8473
8476
8478
8488
8489
8499
8916
8924
8925
8926
8927
8928
8929
8930
8932
8933
8935
8936
8938
8941
8942
8996
9802
9906
9921
9924
9927
9933
9934
9935
9938
9939
9941
9942
9944
9946
9955
9958